33.001414 59.545106 84.255500
33.949039 51.665051 96.410890
35.759429 41.959879 104.601986
38.257545 31.490306 106.761871
41.086468 21.443779 102.400967
43.817434 12.949337 92.855692
46.093677 6.854185 80.570576
47.733182 3.308334 67.928953
48.761430 1.607742 56.403599
49.340619 0.859426 46.508241
49.646180 0.523177 38.231093
49.802346 0.362233 31.382451
49.881292 0.281156 25.742711
49.921105 0.240505 21.109041
49.940959 0.223138 17.306511
49.950276 0.221436 14.188182
49.953599 0.232288 11.632049
49.953036 0.255062 9.537389
49.949440 0.290782 7.821293
49.942968 0.341879 6.415642
49.933322 0.412247 5.264521
49.919832 0.507505 4.322072
49.901448 0.635462 3.550699
49.876671 0.806783 2.919598
49.843433 1.035913 2.403535
49.798914 1.342314 1.981849
49.739307 1.752090 1.637636
49.659479 2.300098 1.357073
49.552552 3.032613 1.128876
49.409337 4.010592 0.943849
49.217633 5.313514 0.794531
48.961352 7.043542 0.674910
48.619484 9.329459 0.580206
48.164941 12.329194 0.506720
47.563382 16.228794 0.451751
46.772286 21.234331 0.413607
45.740692 27.551535 0.391729
44.410340 35.346710 0.387028
42.719220 44.683359 0.402553
40.608720 55.434719 0.444765
38.035294 67.186518 0.525877
34.986529 79.166535 0.667985
31.499353 90.258580 0.909874
27.675452 99.155353 1.316817
23.687029 104.653443 1.990902
19.766552 106.001388 3.073176
16.177418 103.140144 4.721562
13.168149 96.702677 7.051299
10.923528 87.772825 10.050091
9.542490 77.546907 13.516429
9.072769 67.076615 17.075997
9.594051 57.174887 20.286948
11.293923 48.440037 22.785339
14.446034 41.307076 24.397279
19.170925 36.065525 25.168584
25.013445 32.834776 25.312366
30.845166 31.540884 25.115834
35.514170 31.954642 24.858579
38.542380 33.784112 24.773740
40.096197 36.749081 25.050185
40.572569 40.594909 25.855808
40.328077 45.062015 27.365036
39.615561 49.842879 29.782259
38.611259 54.548372 33.355970
37.456597 58.696634 38.374165
36.290424 61.734183 45.122305
35.267434 63.095152 53.776514
34.561841 62.296919 64.211827
34.353920 59.057889 75.754502
34.796628 53.407008 87.010924
35.964432 45.740959 95.998159
37.800724 36.789905 100.719683
40.098304 27.492208 99.994177
42.543691 18.830267 94.021787
44.812588 11.672150 84.276438
46.663779 6.571616 72.802286
47.994740 3.509728 61.379768
48.846162 1.918728 51.050162
49.343768 1.143233 42.170308
49.618611 0.761685 34.719451
49.766112 0.567240 28.537610
49.844268 0.466876 23.436419
49.885168 0.418756 19.238773
49.905700 0.403762 15.790067
49.914470 0.413463 12.959396
49.915702 0.445035 10.637498
49.911274 0.499128 8.733844
49.901734 0.579074 7.173729
49.886778 0.690786 5.895663
49.865429 0.843085 4.849110
49.836057 1.048382 3.992585
49.796284 1.323712 3.292064
49.742800 1.692160 2.719664
49.671082 2.184753 2.252560
49.575020 2.842902 1.872089
49.446410 3.721425 1.563022
49.274310 4.892182 1.312973
49.044236 6.448128 1.111928
48.737189 8.507386 0.951873
48.328546 11.216409 0.826530
47.786888 14.750508 0.731192
47.072964 19.308802 0.662678
46.139142 25.099062 0.619459
44.929955 32.306405 0.602036
43.384648 41.039600 0.613749
41.442868 51.252317 0.662333
39.054603 62.647252 0.762804
36.194742 74.590530 0.942615
32.880967 86.086886 1.250393
29.191093 95.875047 1.769209
25.273616 102.671376 2.632556
21.344586 105.509846 4.033491
17.666088 104.038929 6.205317
14.506267 98.621159 9.348058
12.090139 90.180691 13.501487
10.567523 79.896248 18.423990
10.033992 68.916643 23.574800
10.609651 58.214998 28.253678
12.516393 48.564191 31.844772
16.031389 40.542056 34.030812
21.179170 34.501936 34.860728
27.295157 30.522410 34.654570
33.111072 28.415582 33.831275
37.573898 27.840786 32.768909
40.412998 28.453160 31.748431
41.919565 29.987485 30.961856
42.510456 32.262351 30.544079
42.512092 35.145430 30.603675
42.132515 38.512678 31.245840
41.497005 42.213535 32.587969
40.687106 46.044939 34.768596
39.768919 49.736177 37.947632
38.811389 52.948350 42.291850
37.897057 55.293253 47.935382
37.126189 56.375046 54.903889
36.613436 55.853521 63.000309
36.475290 53.520057 71.678401
36.807371 49.368005 79.976040
37.654307 43.632344 86.610664
38.981883 36.776371 90.293367
40.667531 29.421181 90.173684
42.521964 22.239054 86.182607
44.337436 15.841522 79.058353
45.940125 10.675100 70.038577
47.225019 6.924998 60.409175
48.166158 4.473816 51.149775
48.802737 2.997227 42.810186
49.207226 2.147424 35.586649
49.453194 1.668739 29.467252
49.598067 1.407652 24.347404
49.680379 1.280860 20.094308
49.723667 1.245858 16.576349
49.741351 1.283127 13.674459
49.740465 1.386893 11.285357
49.724043 1.560835 9.321388
49.692452 1.816518 7.709075
49.644028 2.173439 6.387295
49.575272 2.660165 5.305466
49.480723 3.316348 4.421903
49.352606 4.195518 3.702388
49.180268 5.368527 3.118967
48.949424 6.927440 2.648967
48.641230 8.989361 2.274214
48.231225 11.699237 1.980473
47.688227 15.229884 1.757101
46.973398 19.776331 1.596997
46.039827 25.540045 1.496931
44.833236 32.697209 1.458483
43.294709 41.345176 1.489999
41.366576 51.424882 1.610299
39.002515 62.627489 1.855479
36.182271 74.312327 2.290887
32.929737 85.484833 3.030978
29.330752 94.890390 4.268349
25.544658 101.248710 6.305718
21.802910 103.577563 9.565032
18.389752 101.475568 14.519317
15.605125 95.226351 21.487876
13.723015 85.684526 30.313418
12.978733 74.038633 40.104533
13.613046 61.589969 49.326063
15.920013 49.590917 56.344407
20.119638 39.074273 60.131755
25.931262 30.644314 60.617663
32.269810 24.363147 58.474806
37.786390 19.885792 54.628640
41.774717 16.750209 49.894033
44.316989 14.581580 44.857240
45.826793 13.136378 39.897763
46.690395 12.269761 35.243256
47.165006 11.899539 31.017357
47.397882 11.985896 27.275234
47.465986 12.522593 24.029347
47.405329 13.533348 21.267838
47.228040 15.069727 18.967465
46.931331 17.208546 17.102690
46.502044 20.047054 15.652425
45.919169 23.693845 14.605774
45.155766 28.252890 13.968129
44.181354 33.797826 13.769110
42.965627 40.334241 14.074193
41.484360 47.750231 15.002389
39.728239 55.760946 16.752547
37.714982 63.861340 19.639382
35.504322 71.310284 24.133423
33.214044 77.172780 30.879542
31.033492 80.438423 40.628553
29.228691 80.212620 53.965763
28.130577 75.951362 70.733101
28.093615 67.687142 89.274173
29.404757 56.162621 106.122554
32.126404 42.761455 116.966535
35.928918 29.206213 118.798209
40.098780 17.218764 111.665666
43.829722 8.323267 98.521456
46.582025 3.297895 83.368069
48.269834 1.233761 69.118396
49.166464 0.515112 56.865748
49.604808 0.255486 46.659761
49.810905 0.149967 38.246598
49.906410 0.101899 31.336773
49.950611 0.078267 25.670034
49.971163 0.066530 21.025880
49.980725 0.061474 17.221094
49.985044 0.060832 14.104582
49.986717 0.063678 11.552145
49.986899 0.069801 9.461865
49.986070 0.079457 7.750172
49.984381 0.093293 6.348576
49.981797 0.112351 5.200965
49.978159 0.138141 4.261373
49.973193 0.172764 3.492154
49.966503 0.219093 2.862476
49.957533 0.281027 2.347094
49.945530 0.363836 1.925336
49.929469 0.474628 1.580275
49.907968 0.622979 1.298059
49.879160 0.821762 1.067345
49.840534 1.088258 0.878856
49.788710 1.445608 0.724998
49.719148 1.924695 0.599568
49.625771 2.566556 0.497497
49.500455 3.425372 0.414652
49.332409 4.572075 0.347675
49.107357 6.098431 0.293848
48.806584 8.121234 0.250997
48.405803 10.785730 0.217413
47.873958 14.266636 0.191809
47.172119 18.763844 0.173301
46.252822 24.488351 0.161438
45.060451 31.632327 0.156293
43.533532 40.316838 0.158666
41.610114 50.513959 0.170473
39.237332 61.950117 0.195482
36.385633 74.016873 0.240631
33.066428 85.739322 0.318303
29.349373 95.863721 0.449864
25.372951 103.097776 0.670194
21.341366 106.457379 1.031045
17.503136 105.580329 1.598039
14.111425 100.842506 2.434586
11.373327 93.205157 3.571813
9.407965 83.879711 4.977217
8.244422 73.995036 6.543890
7.873995 64.413902 8.112765
8.330572 55.717575 9.518932
9.754225 48.283218 10.639585
12.389000 42.374155 11.424217
16.433305 38.199001 11.900043
21.697513 35.921240 12.157225
27.343223 35.623943 12.324219
32.211882 37.269741 12.544792
35.542793 40.699637 12.966611
37.244151 45.659086 13.746250
37.613299 51.805230 15.069427
37.015740 58.679615 17.182583
35.757015 65.669929 20.431288
34.084837 71.996369 25.295271
32.230352 76.752000 32.391141
30.445868 79.011096 42.378438
29.024921 77.998219 55.670575
28.297649 73.289428 71.893879
28.591595 64.996631 89.274369
30.142302 53.858562 104.524697
32.950480 41.149202 113.847242
36.657652 28.403090 114.794504
40.600177 17.134018 107.625714
44.082484 8.666194 95.048677
46.660867 3.684010 80.619030
48.270620 1.480819 66.967458
49.146463 0.652915 55.158043
49.584663 0.336784 45.287396
49.795129 0.203559 37.136351
49.894682 0.141485 30.435475
49.941712 0.110642 24.937043
49.964020 0.095416 20.429225
49.974561 0.089202 16.735235
49.979313 0.089113 13.708941
49.981012 0.094009 11.230068
49.980879 0.103706 9.199831
49.979409 0.118672 7.537187
49.976723 0.139939 6.175692
49.972721 0.169127 5.060895
49.967132 0.208565 4.148182
49.959530 0.261479 3.401009
49.949297 0.332275 2.789445
49.935582 0.426925 2.288980
49.917228 0.553493 1.879543
49.892664 0.722850 1.544705
49.859771 0.949609 1.271016
49.815696 1.253378 1.047473
49.756597 1.660393 0.865076
49.677321 2.205615 0.716469
49.570971 2.935397 0.595649
49.428348 3.910747 0.497726
49.237246 5.211165 0.418731
48.981582 6.938841 0.355468
48.640350 9.222640 0.305395
48.186459 12.220720 0.266542
47.585541 16.119641 0.237473
46.794998 21.126415 0.217279
45.763711 27.448298 0.205656
44.433142 35.253803 0.203067
42.740837 44.609265 0.211106
40.627522 55.391076 0.233159
38.048735 67.187782 0.275644
34.990842 79.228808 0.350194
31.489182 90.397900 0.477291
27.643339 99.386712 0.691523
23.622617 104.992523 1.047299
19.655383 106.470604 1.620524
15.999414 103.778198 2.497959
12.895940 97.573146 3.747291
10.519587 88.964338 5.373826
8.951251 79.157636 7.287964
8.202773 69.181434 9.310228
8.289765 59.784440 11.218647
9.311462 51.470894 12.816135
11.485465 44.585467 13.986468
15.062084 39.382794 14.718427
20.031809 36.051856 15.096052
25.763925 34.692699 15.266714
31.105433 35.279305 15.404290
35.082686 37.659095 15.683650
37.401163 41.591362 16.275548
38.286826 46.775293 17.360947
38.116804 52.837268 19.158209
37.222244 59.291940 21.956566
35.859523 65.509783 26.147964
34.245877 70.720837 32.238993
32.600778 74.074774 40.800963
31.173178 74.763124 52.286057
30.247455 72.191092 66.640759
30.120745 66.165373 82.771106
31.041091 57.038574 98.205308
33.101397 45.727606 109.524267
36.123745 33.553709 113.756169
39.637195 21.979072 109.946546
43.031379 12.396390 99.664214
45.797631 5.871419 86.050455
47.701610 2.468090 72.139782
48.823517 1.060960 59.652233
49.415125 0.518298 49.058792
49.708567 0.295828 40.260433
49.850225 0.195292 33.009817
49.918101 0.146151 27.053385
49.950695 0.121491 22.167030
49.966353 0.110174 18.161347
49.973683 0.107337 14.878900
49.976684 0.110923 12.189751
49.977183 0.120311 9.987017
49.975962 0.135779 8.182933
49.973278 0.158304 6.705503
49.969084 0.189556 5.495705
49.963126 0.231994 4.505166
49.954959 0.289060 3.694256
49.943931 0.365480 3.030511
49.929132 0.467669 2.487344
49.909318 0.604305 2.042983
49.882799 0.787080 1.679605
49.847296 1.031723 1.382618
49.799735 1.359327 1.140086
49.735981 1.798097 0.942247
49.650488 2.385588 0.781123
49.535836 3.171516 0.650206
49.382140 4.221179 0.544199
49.176304 5.619410 0.458811
48.901102 7.474794 0.390591
48.534104 9.923433 0.336810
48.046485 13.130912 0.295378
47.401877 17.289999 0.264805
46.555529 22.610132 0.244217
45.454296 29.293072 0.233467
44.038246 37.488146 0.233366
42.244972 47.222275 0.246163
40.017772 58.307589 0.276441
37.318480 70.245913 0.332758
34.144345 82.173018 0.430502
30.546041 92.903382 0.596518
26.641174 101.122902 0.875468
22.616230 105.712298 1.335803
18.711269 106.087918 2.069018
15.185657 102.392280 3.172124
12.269398 95.423972 4.707765
10.116030 86.345563 6.654347
8.787507 76.336625 8.877465
8.294989 66.362229 11.149549
8.679856 57.113610 13.214701
10.086840 49.062293 14.867336
12.767985 42.540594 16.008862
16.923983 37.793472 16.663295
22.338183 34.981212 16.954646
28.115793 34.145798 17.063582
33.065386 35.189982 17.185367
36.451691 37.906028 17.506527
38.231978 42.025069 18.205782
38.736069 47.234636 19.473611
38.338578 53.153887 21.541515
37.338102 59.292348 24.713637
35.964151 65.023612 29.390898
34.419097 69.598796 36.065301
32.915280 72.215217 45.238545
31.695327 72.142512 57.198093
31.030141 68.890899 71.612866
31.187228 62.384589 87.065994
32.361038 53.077365 100.912426
34.570384 41.934145 109.936213
37.572766 30.253382 111.763224
40.889353 19.425204 106.128689
43.972480 10.737384 94.991615
46.407778 5.055507 81.417424
48.042439 2.183568 68.043705
48.992002 0.989208 56.211595
49.491557 0.511325 46.220086
49.740767 0.306923 37.931729
49.862326 0.211382 31.103128
49.921326 0.163823 25.493347
49.950023 0.140150 20.891041
49.963905 0.130122 17.117913
49.970298 0.129243 14.025810
49.972628 0.135690 11.492448
49.972451 0.149098 9.417226
49.970404 0.170069 7.717524
49.966635 0.200026 6.325560
49.960995 0.241245 5.185756
49.953103 0.297008 4.252562
49.942352 0.371875 3.488657
49.927869 0.472075 2.863469
49.908451 0.606058 2.351959
49.882455 0.785226 1.933624
49.847658 1.024930 1.591682
49.801062 1.345773 1.312398
49.738628 1.775324 1.084541
49.654936 2.350311 0.898929
49.542733 3.119389 0.748074
49.392349 4.146519 0.625875
49.190963 5.514883 0.527390
48.921704 7.331089 0.448641
48.562581 9.729006 0.386478
48.085305 12.871914 0.338478
47.454128 16.950635 0.302901
46.624973 22.173797 0.278705
45.545341 28.744758 0.265653
44.155761 36.818626 0.264570
42.393864 46.434280 0.277858
40.202235 57.423361 0.310469
37.540893 69.313911 0.371675
34.403932 81.269669 0.478189
30.837627 92.125028 0.659227
26.954563 100.565677 0.963591
22.936763 105.444243 1.466595
19.021901 106.124832 2.270043
15.470472 102.689997 3.483946
12.517878 95.891733 5.182703
10.326518 86.873198 7.347978
8.968032 76.821832 9.833111
8.461570 66.728046 12.381732
8.855033 57.314869 14.700313
10.300049 49.084555 16.549839
13.053839 42.393829 17.813725
17.308515 37.500189 18.517258
22.811432 34.559425 18.800558
28.622865 33.592408 18.866240
33.546020 34.474129 18.929091
36.884908 36.976143 19.188419
38.637082 40.823874 19.828229
39.149525 45.715550 21.037044
38.796754 51.296954 23.036488
37.870140 57.119531 26.110554
36.589109 62.611503 30.626367
35.143385 67.084400 37.026899
33.729241 69.789586 45.756622
32.569431 70.028643 57.064084
31.912238 67.306007 70.649640
32.003573 61.492075 85.253742
33.025727 52.940811 98.507250
35.008231 42.492447 107.458465
37.752032 31.330085 109.793803
40.843179 20.758675 105.030638
43.787741 12.011026 94.762538
46.187258 5.985618 81.768223
47.860010 2.710186 68.633342
48.869306 1.256064 56.829077
49.417131 0.652742 46.782799
49.697043 0.390970 38.418675
49.836205 0.268045 31.515411
49.904851 0.206715 25.838868
49.938729 0.176033 21.179139
49.955337 0.162782 17.357521
49.963084 0.161131 14.224876
49.965951 0.168689 11.657817
49.965768 0.184924 9.554698
49.963289 0.210531 7.831969
49.958687 0.247236 6.421044
49.951777 0.297818 5.265666
49.942093 0.366303 4.319715
49.928887 0.458290 3.545394
49.911088 0.581435 2.911738
49.887216 0.746114 2.393385
49.855250 0.966332 1.969567
49.812458 1.260920 1.623285
49.755153 1.655118 1.340634
49.678377 2.182613 1.110243
49.575487 2.888133 0.922829
49.437609 3.830641 0.770827
49.252960 5.087105 0.648095
49.005987 6.756655 0.549678
48.676355 8.964619 0.471628
48.237794 11.865351 0.410876
47.656913 15.641862 0.365156
46.892211 20.498915 0.333004
45.893687 26.644578 0.313842
44.603744 34.253882 0.308222
42.960354 43.408610 0.318315
40.903674 54.012315 0.348850
38.387116 65.692550 0.408857
35.392910 77.723921 0.514749
31.950243 89.027889 0.695489
28.151313 98.306859 1.000207
24.158564 104.325366 1.506809
20.196509 106.261287 2.325421
16.524617 103.970276 3.584531
13.393036 98.018470 5.388089
10.992349 89.462436 7.749538
9.424188 79.505911 10.537610
8.724135 69.217805 13.478018
8.936847 59.414431 16.224958
10.199113 50.678659 18.470593
12.761437 43.427172 20.038814
16.845980 37.956915 20.923573
22.277350 34.444260 21.265367
28.180473 32.913574 21.288834
33.329388 33.230106 21.236989
36.936719 35.151906 21.330896
38.937879 38.400934 21.763227
39.668541 42.693833 22.715717
39.513521 47.722859 24.386377
38.772261 53.114188 27.016920
37.661573 58.392252 30.912993
36.356805 62.970618 36.444014
35.029444 66.183581 43.995803
33.870120 67.365699 53.834326
33.093692 65.975109 65.846083
32.922348 61.740054 79.193744
33.541753 54.787265 92.087086
35.031631 45.693476 102.006526
37.294322 35.413541 106.556022
40.035058 25.104191 104.578749
42.838279 15.930271 96.756988
45.307989 8.876871 85.231992
47.189713 4.410181 72.527417
48.432311 2.117610 60.502446
49.159038 1.087174 49.992703
49.550930 0.630493 41.134659
49.753338 0.416888 33.781594
49.856068 0.310808 27.717477
49.907987 0.256966 22.731408
49.934087 0.231737 18.637997
49.946761 0.224628 15.280286
49.952036 0.231117 12.527474
49.952767 0.249765 10.271369
49.950197 0.281040 8.422828
49.944703 0.326896 6.908559
49.936137 0.390724 5.668381
49.923951 0.477554 4.652919
49.907225 0.594445 3.821692
49.884613 0.751089 3.141520
49.854239 0.960643 2.585221
49.813543 1.240864 2.130538
49.759050 1.615607 1.759253
49.686080 2.116772 1.456466
49.588344 2.786794 1.210007
49.457434 3.681723 1.009952
49.282161 4.874899 0.848234
49.047737 6.461050 0.718338
48.734789 8.560395 0.615056
48.318226 11.321771 0.534316
47.766058 14.923000 0.473074
47.038357 19.565450 0.429295
46.086723 25.458078 0.402035
44.854908 32.784821 0.391707
43.281497 41.649081 0.400632
41.305824 51.992997 0.434102
38.878202 63.500483 0.502356
35.974746 75.513179 0.624107
32.615337 87.011725 0.832521
28.880567 96.722033 1.184278
24.921248 103.371303 1.770432
20.953620 106.034773 2.722564
17.235951 104.427159 4.199855
14.027033 98.983999 6.340725
11.535875 90.684945 9.180978
9.887569 80.725377 12.577375
9.139145 70.219671 16.195984
9.352151 60.057019 19.594291
10.678740 50.898469 22.364346
13.380588 43.227615 24.264275
17.663377 37.380652 25.276069
23.277795 33.531146 25.574129
29.253480 31.659516 25.436876
34.351258 31.570850 25.155270
37.865789 32.979420 24.979218
39.816475 35.596839 25.109236
40.573110 39.164229 25.715799
40.517828 43.431283 26.966847
39.932381 48.114132 29.052882
39.009887 52.857173 32.204457
37.896456 57.213604 36.694862
36.727030 60.654943 42.812974
35.647983 62.616795 50.781638
34.825529 62.582196 60.596675
34.438223 60.193045 71.793524
34.650613 55.365170 83.233971
35.567773 48.367098 93.112843
37.181207 39.819170 99.379304
39.334785 30.596739 100.512976
41.746056 21.673776 96.226781
44.087688 13.963893 87.602771
46.085827 8.147853 76.561476
47.588900 4.425803 65.028116
48.590861 2.394419 54.304257
49.194938 1.385426 44.951411
49.535215 0.890676 37.048892
49.719861 0.640661 30.470214
49.818353 0.511242 25.032189
49.870319 0.446554 20.553091
49.896990 0.421074 16.871030
49.909334 0.423267 13.847689
49.912828 0.448647 11.367092
49.910025 0.496851 9.332909
49.901856 0.570465 7.665537
49.888255 0.674731 6.299389
49.868425 0.817754 5.180532
49.840901 1.011098 4.264672
49.803483 1.270730 3.515467
49.753079 1.618356 2.903128
49.685444 2.083213 2.403259
49.594827 2.704388 1.995907
49.473493 3.533727 1.664780
49.311111 4.639349 1.396618
49.093982 6.109639 1.180682
48.804097 8.057361 1.008356
48.418056 10.623114 0.872855
47.905895 13.976557 0.769028
47.230005 18.312782 0.693293
46.344447 23.839609 0.643719
45.195221 30.750037 0.620359
43.722325 39.173440 0.625967
41.864729 49.101690 0.667410
39.569394 60.295300 0.758294
36.804948 72.192480 0.923695
33.579132 83.867316 1.208286
29.956701 94.097046 1.689025
26.071919 101.576889 2.491419
22.128692 105.249280 3.801598
18.382965 104.622571 5.854423
15.106155 99.919090 8.870210
12.536409 91.970521 12.932151
10.840444 81.929480 17.852811
10.122447 70.968967 23.128001
10.494525 60.106961 28.050321
12.161222 50.163044 31.950158
15.404165 41.761092 34.434377
20.319441 35.303380 35.488817
26.366822 30.917000 35.405192
32.327247 28.447939 34.607438
37.053650 27.563728 33.495273
40.151000 27.908306 32.371713
41.855284 29.201281 31.443563
42.585522 31.252556 30.852350
42.687221 33.930926 30.706610
42.384259 37.123260 31.106388
41.810290 40.698732 32.160100
41.048788 44.481103 33.995097
40.163002 48.230384 36.761041
39.215607 51.636940 40.621596
38.280776 54.332710 45.725798
37.450069 55.923768 52.147783
36.831720 56.045212 59.787855
36.541695 54.432795 68.247806
36.684986 50.996894 76.733169
37.328073 45.876060 84.076095
38.469209 39.445663 88.962505
40.020355 32.269087 90.339216
41.816090 25.002907 87.817963
43.652679 18.285693 81.835618
45.340782 12.632617 73.467066
46.747860 8.337354 64.010010
47.817669 5.401947 54.577569
48.565716 3.572258 45.882320
49.053786 2.498109 38.244342
49.356442 1.885697 31.720795
49.537531 1.544955 26.236748
49.642409 1.368539 21.668000
49.699852 1.300050 17.882038
49.726772 1.312080 14.755211
49.732402 1.394137 12.178599
49.721146 1.546731 10.058979
49.694267 1.778919 8.317810
49.650760 2.107822 6.889543
49.587686 2.559424 5.719817
49.500154 3.170332 4.763749
49.381031 3.990355 3.984441
49.220443 5.085784 3.351701
49.005068 6.543199 2.840978
48.717257 8.473351 2.432524
48.333998 11.014320 2.110759
47.825822 14.332384 1.863867
47.155804 18.618027 1.683660
46.278982 24.073019 1.565819
45.142742 30.883040 1.510680
43.688972 39.169752 1.524959
41.859105 48.918764 1.625048
39.603148 59.888536 1.843113
36.893345 71.522146 2.237933
33.741703 82.905867 2.913175
30.218343 92.831191 4.045133
26.465204 99.996622 5.916144
22.698384 103.318808 8.933004
19.193457 102.238296 13.580837
16.252270 96.875070 20.246992
14.160470 87.964220 28.905745
13.165046 76.638377 38.812320
13.505874 64.196619 48.495478
15.471137 51.930397 56.230549
19.318182 40.953178 60.778761
24.892861 31.984402 61.864971
31.241990 25.196764 60.066242
36.988250 20.304320 56.323756
41.269509 16.847522 51.519743
44.053164 14.428230 46.309721
45.727366 12.778259 41.125779
46.696265 11.733105 36.230304
47.240509 11.194536 31.767451
47.524622 11.108597 27.802690
47.636557 11.456071 24.351894
47.619297 12.248697 21.402195
47.489729 13.527337 18.926512
47.248656 15.360212 16.893482
46.885815 17.839829 15.274397
46.382431 21.076808 14.048557
45.712854 25.188258 13.208350
44.846296 30.277702 12.765388
43.749533 36.403565 12.759298
42.391415 43.534468 13.271251
40.750013 51.493415 14.444935
38.823089 59.900295 16.517722
36.641978 68.132003 19.862114
34.287934 75.327738 25.027073
31.908389 80.465873 32.741174
29.728588 82.522400 43.788536
28.051849 80.693803 58.621520
27.238975 74.642261 76.646755
27.651832 64.699504 95.485698
29.536328 51.930996 111.042349
32.835594 37.955292 119.071424
37.040865 24.568021 117.514554
41.308402 13.447375 107.671880
44.848288 5.942618 93.245538
47.266605 2.229485 78.110553
48.654291 0.849574 64.498018
49.360583 0.375357 52.988102
49.698084 0.197915 43.454169
49.854970 0.122704 35.610433
49.927282 0.087325 29.173356
49.960671 0.069702 23.896225
49.976162 0.061159 19.572183
49.983313 0.058005 16.030037
49.986442 0.058641 13.128850
49.987490 0.062471 10.752879
49.987305 0.069470 8.807180
49.986223 0.080018 7.213927
49.984320 0.094863 5.909347
49.981520 0.115148 4.841196
49.977633 0.142499 3.966683
49.972358 0.179160 3.250762
49.965268 0.228190 2.664734
49.955772 0.293731 2.185096
49.943067 0.381381 1.792609
49.926064 0.498683 1.471519
49.903297 0.655796 1.208929
49.872784 0.866372 0.994287
49.831860 1.148729 0.818955
49.776941 1.527381 0.675871
49.703217 2.035016 0.559260
49.604246 2.715023 0.464409
49.471434 3.624600 0.387475
49.293363 4.838474 0.325339
49.054964 6.453050 0.275479
48.736507 8.590536 0.235885
48.312461 11.402066 0.204987
47.750288 15.067935 0.181613
47.009393 19.791786 0.164988
46.040617 25.783922 0.154766
44.786911 33.227427 0.151137
43.186152 42.220880 0.155051
41.177264 52.695702 0.168649
38.710710 64.318127 0.196061
35.763564 76.406692 0.244838
32.357484 87.919520 0.328380
28.575217 97.571420 0.469613
24.568990 104.102223 0.705398
20.554008 106.630492 1.089077
16.783232 104.940005 1.685541
13.504646 99.543512 2.552732
10.910194 91.482059 3.710880
9.099185 81.974377 5.114442
8.086820 72.105097 6.647625
7.864920 62.676877 8.151738
8.482274 54.220715 9.471994
10.099965 47.081668 10.501528
12.969982 41.506302 11.206005
17.251189 37.694308 11.624629
22.649755 35.799287 11.853478
28.230740 35.888537 12.021476
32.858272 37.906308 12.269899
35.888328 41.678068 12.744306
37.322086 46.934889 13.602616
37.484969 53.313694 15.037632
36.735418 60.325539 17.310341
35.367056 67.319551 20.789310
33.622637 73.478270 25.983897
31.736518 77.871814 33.536974
29.969927 79.580967 44.104356
28.627195 77.877025 58.018888
28.045941 72.425339 74.705205
28.550230 63.459050 92.093164
30.350027 51.841134 106.667984
33.389965 38.930628 114.697333
37.240073 26.283827 114.139593
41.194568 15.392277 105.765622
44.574441 7.513892 92.591912
46.996032 3.119320 78.137966
48.463793 1.260960 64.762751
49.246329 0.569776 53.297343
49.633539 0.302314 43.745298
49.818545 0.187508 35.866668
49.905881 0.133240 29.392841
49.947123 0.106134 24.081879
49.966678 0.092935 19.728244
49.975879 0.087979 16.160829
49.979948 0.088803 13.238347
49.981265 0.094477 10.844574
49.980885 0.104948 8.884074
49.979219 0.120779 7.278568
49.976343 0.143088 5.963882
49.972126 0.173594 4.887430
49.966276 0.214744 4.006128
49.958338 0.269915 3.284685
49.947664 0.343713 2.694198
49.933366 0.442374 2.210998
49.914231 0.574320 1.815707
49.888620 0.750892 1.492458
49.854323 0.987338 1.228267
49.808358 1.304107 1.012509
49.746721 1.728546 0.836497
49.664037 2.297075 0.693129
49.553113 3.057934 0.576612
49.404369 4.074537 0.482230
49.205099 5.429379 0.406157
48.938582 7.228248 0.345316
48.583013 9.604106 0.297267
48.110326 12.719362 0.260131
47.485022 16.764225 0.232553
46.663274 21.947358 0.213712
45.592786 28.473387 0.203400
44.214170 36.500694 0.202213
42.464889 46.074254 0.211937
40.286965 57.035089 0.236278
37.639279 68.923333 0.282193
34.514102 80.915198 0.362245
30.955191 91.853719 0.498438
27.072101 100.424675 0.727650
23.043681 105.470024 1.107092
19.104751 106.335521 1.714802
15.513787 103.085725 2.636591
12.505312 96.463247 3.933600
10.241128 87.612792 5.599006
8.789184 77.728011 7.529707
8.156413 67.799212 9.537753
8.365516 58.535286 11.402049
9.531679 50.411515 12.935454
11.885985 43.755519 14.036659
15.665110 38.811822 14.709109
20.791728 35.759230 15.047363
26.540892 34.682760 15.203704
31.736985 35.538699 15.352361
35.485719 38.160535 15.666750
37.584569 42.298797 16.317404
38.299725 47.643921 17.488529
38.008563 53.808232 19.406460
37.031260 60.285940 22.373593
35.616429 66.424248 26.799110
33.979821 71.434347 33.205704
32.344435 74.460722 42.165840
30.965168 74.712185 54.091958
30.131271 71.639080 68.818981
30.138822 65.119642 85.065732
31.222343 55.591927 100.169218
33.443253 44.047682 110.660767
36.579036 31.848315 113.762972
40.123482 20.459641 108.883325
43.463471 11.252188 97.906764
46.119652 5.200491 84.073630
47.903830 2.169692 70.284579
48.934513 0.944645 58.050622
49.471430 0.471314 47.719857
49.736112 0.274794 39.154109
49.863561 0.184849 32.099843
49.924593 0.140552 26.306390
49.953901 0.118393 21.554410
49.967958 0.108542 17.659186
49.974479 0.106702 14.467402
49.977040 0.111084 11.852610
49.977268 0.121218 9.710829
49.975847 0.137483 7.956698
49.972980 0.160945 6.520200
49.968591 0.193362 5.343936
49.962399 0.237298 4.380871
49.953937 0.296332 3.592468
49.942525 0.375359 2.947162
49.927218 0.481027 2.419101
49.906726 0.622320 1.987118
49.879301 0.811341 1.633881
49.842581 1.064365 1.345207
49.793385 1.403210 1.109491
49.727435 1.857040 0.917241
49.638993 2.464660 0.760706
49.520388 3.277405 0.633560
49.361405 4.362619 0.530658
49.148518 5.807671 0.447834
48.863960 7.724152 0.381744
48.484620 10.251531 0.329749
47.980859 13.558771 0.289839
47.315371 17.841317 0.260600
46.442411 23.309301 0.241240
45.307924 30.161170 0.231706
43.851408 38.536183 0.232940
42.010606 48.441471 0.247393
39.730213 59.657896 0.279982
36.975230 71.646469 0.339830
33.748183 83.500975 0.443296
30.106942 94.008169 0.618793
26.177254 101.858234 0.913247
22.152931 105.977775 1.397682
18.278332 105.861893 2.165094
14.812049 101.737925 3.310502
11.977305 94.464509 4.889059
9.916789 85.223128 6.867100
8.683266 75.177077 9.098287
8.286632 65.259596 11.349162
8.776698 56.132044 13.367095
10.311878 48.245284 14.957592
13.150284 41.919151 16.036483
17.467008 37.389447 16.640631
22.975366 34.805331 16.902123
28.715669 34.194186 17.004313
33.513183 35.445049 17.141470
36.711738 38.341810 17.498286
38.329703 42.610880 18.253371
38.714020 47.933465 19.600313
38.233368 53.917343 21.777603
37.177243 60.055831 25.100126
35.770276 65.705002 29.981555
34.214847 70.103091 36.923004
32.726673 72.446312 46.418816
31.552908 72.021464 58.711634
30.967167 68.377616 73.368600
31.233804 61.496976 88.824235
32.533434 51.898831 102.308282
34.858084 40.601648 110.611820
37.932746 28.929979 111.548341
41.257954 18.274155 105.132958
44.289810 9.898604 93.534984
46.638350 4.580259 79.854552
48.184908 1.972896 66.605416
49.069934 0.904096 54.977668
49.531345 0.475181 45.190096
49.760481 0.289943 37.080845
49.872041 0.202589 30.403170
49.926162 0.158933 24.918644
49.952476 0.137353 20.419630
49.965171 0.128598 16.731431
49.970945 0.128613 13.709054
49.972925 0.135797 11.232888
49.972520 0.149911 9.204560
49.970294 0.171650 7.543296
49.966355 0.202518 6.182831
49.960528 0.244876 5.068838
49.952409 0.302111 4.156792
49.941368 0.378913 3.410214
49.926507 0.481685 2.799222
49.906588 0.619100 2.299343
49.879923 0.802867 1.890540
49.844231 1.048739 1.556409
49.796431 1.377855 1.283528
49.732381 1.818490 1.060921
49.646520 2.408297 0.879617
49.531407 3.197129 0.732298
49.377128 4.250464 0.613009
49.170549 5.653366 0.516921
48.894393 7.514690 0.440158
48.526166 9.970828 0.379652
48.036972 13.187632 0.333053
47.390362 17.358025 0.298691
46.541508 22.691346 0.275593
45.437211 29.388796 0.263602
44.017537 37.598425 0.263650
42.220168 47.344896 0.278302
39.988642 58.437000 0.312772
37.285240 70.372405 0.376781
34.107900 82.282790 0.487805
30.508232 92.980040 0.676304
26.604964 101.150406 0.992882
22.585791 105.678330 1.514933
18.691924 105.985800 2.345518
15.183677 102.220042 3.593083
12.291724 95.180950 5.325877
10.170442 86.029082 7.515428
8.884326 75.941861 10.004874
8.451163 65.886552 12.532732
8.924900 56.563447 14.808341
10.467286 48.458424 16.602460
13.339661 41.917647 17.811184
17.713787 37.190318 18.470897
23.283668 34.422548 18.728360
29.062830 33.623661 18.787935
33.870427 34.658921 18.862916
37.070423 37.294930 19.150445
38.704227 41.254978 19.833784
39.129893 46.233736 21.103248
38.716772 51.869394 23.185159
37.749245 57.701833 26.370932
36.443042 63.146082 31.036583
34.987830 67.502936 37.631640
33.582351 70.020596 46.596267
32.452784 70.010025 58.149792
31.849736 67.000731 71.924605
32.017529 60.903005 86.558566
33.129674 52.118359 99.588619
35.198009 41.529048 108.051757
38.000986 30.342437 109.748984
41.108433 19.868246 104.391691
44.025746 11.326969 93.737785
46.368531 5.565457 80.616087
47.977689 2.506959 67.543075
48.936498 1.168890 55.880189
49.452633 0.614397 45.985347
49.715157 0.372460 37.757680
49.845388 0.258152 30.970650
49.909572 0.200950 25.391073
49.941225 0.172465 20.811528
49.956705 0.160519 17.055950
49.963858 0.159741 13.977580
49.966391 0.167970 11.455078
49.965997 0.184801 9.388510
49.963361 0.211016 7.695753
49.958620 0.248407 6.309398
49.951566 0.299824 5.174158
49.941714 0.369370 4.244710
49.928298 0.462742 3.483912
49.910228 0.587719 2.861336
49.885998 0.754844 2.352060
49.853555 0.978336 1.935680
49.810124 1.277317 1.595491
49.751961 1.677405 1.317831
49.674033 2.212786 1.091529
49.569596 2.928837 0.907465
49.429646 3.885345 0.758210
49.242227 5.160310 0.637730
48.991569 6.854112 0.541162
48.657062 9.093515 0.464635
48.212100 12.034388 0.405144
47.622896 15.861107 0.360479
46.847516 20.779184 0.329230
45.835532 26.996083 0.310873
44.529014 34.683769 0.306022
42.865846 43.917188 0.316934
40.786547 54.588185 0.348472
38.245579 66.307756 0.409884
35.227116 78.331519 0.517953
31.763205 89.565143 0.702249
27.949547 98.706280 1.012804
23.952079 104.532107 1.528595
19.997877 106.250357 2.360437
16.347059 103.754803 3.635978
13.247816 97.644134 5.455603
10.886432 88.991316 7.826513
9.359853 78.998963 10.610801
8.701559 68.724175 13.530670
8.958326 58.969275 16.242298
10.272038 50.305788 18.444834
12.896396 43.142358 19.971300
17.045309 37.769734 20.823502
22.517116 34.358195 21.146316
28.409650 32.925857 21.165026
33.500816 33.333317 21.120892
37.034010 35.336892 21.232733
38.969818 38.658415 21.691952
39.651232 43.013415 22.680686
39.460602 48.090357 24.399218
38.693452 53.508671 27.093348
37.564429 58.784032 31.074186
36.248842 63.321192 36.716503
34.919767 66.448411 44.407684
33.770314 67.500233 54.404597
33.017711 65.943635 66.565106
32.884979 61.525734 79.999686
33.555232 54.400193 92.855401
35.100634 45.172726 102.575169
37.411446 34.821072 106.789041
40.180704 24.513765 104.432198
42.986731 15.416849 96.298483
45.436143 8.501846 84.600366
47.284150 4.189340 71.861998
48.492636 2.008128 59.889755
49.193850 1.035111 49.463552
49.569986 0.604118 40.690114
49.763631 0.402063 33.412532
49.861722 0.301527 27.412734
49.911228 0.250560 22.480447
49.936069 0.226924 18.431617
49.948075 0.220744 15.110695
49.952990 0.227787 12.388169
49.953521 0.246759 10.156960
49.950840 0.278209 8.328864
49.945288 0.324128 6.831373
49.936695 0.387930 5.604957
49.924506 0.474653 4.600780
49.907797 0.591356 3.778799
49.885218 0.747722 3.106201
49.854897 0.956893 2.556102
49.814274 1.236601 2.106490
49.759881 1.610665 1.739348
49.687043 2.110937 1.439941
49.589483 2.779787 1.196232
49.458804 3.673180 0.998408
49.283837 4.864344 0.838491
49.049816 6.447877 0.710036
48.737397 8.543844 0.607894
48.321526 11.300916 0.528035
47.770255 14.896773 0.467447
47.043699 19.532698 0.424114
46.093507 25.417718 0.397096
44.863461 32.736099 0.386792
43.292153 41.591979 0.395479
41.318874 51.928768 0.428362
38.893811 63.432206 0.495516
35.992855 75.446089 0.615357
32.635544 86.952966 0.820536
28.902038 96.679590 1.166870
24.942673 103.352188 1.744081
20.973267 106.043160 2.681953
17.251812 104.463432 4.137764
14.037060 99.045290 6.248825
11.538182 90.766812 9.051820
9.880342 80.823444 12.407158
9.119964 70.330155 15.986822
9.316809 60.176010 19.354604
10.620241 51.020867 22.106842
13.290237 43.346919 24.002377
17.537075 37.490418 25.020508
23.126307 33.627936 25.331258
29.102903 31.745493 25.209061
34.225518 31.653736 24.942487
37.771848 33.069899 24.780671
39.747551 35.705651 24.924427
40.518402 39.300295 25.545188
40.467993 43.600553 26.812430
39.880784 48.318553 28.918928
38.952310 53.093548 32.098489
37.830727 57.472544 36.628740
36.652935 60.920390 42.803524
35.567416 62.866705 50.849607
34.742704 62.790849 60.762115
34.359662 60.335122 72.066167
34.584552 55.421084 83.600327
35.522611 48.328230 93.527548
37.162987 39.691081 99.771285
39.344555 30.399081 100.809555
41.778802 21.437610 96.383472
44.133785 13.727779 87.619410
46.134204 7.949816 76.475083
47.630641 4.286585 64.888837
48.621955 2.307692 54.151679
49.216029 1.332505 44.806750
49.548968 0.856488 36.920226
49.728889 0.616481 30.359174
49.824537 0.492420 24.937790
49.874859 0.430542 20.473463
49.900617 0.406350 16.804128
49.912497 0.408793 13.791574
49.915819 0.433600 11.320031
49.913057 0.480457 9.293397
49.905108 0.551893 7.632286
49.891906 0.653002 6.271310
49.872674 0.791646 5.156704
49.845993 0.979036 4.244319
49.809731 1.230647 3.497937
49.760890 1.567521 2.887868
49.695357 2.018005 2.389799
49.607558 2.620014 1.983843
49.489996 3.423878 1.653760
49.332651 4.495789 1.386325
49.122225 5.921758 1.170823
48.841225 7.811752 0.998644
48.466882 10.303272 0.862990
47.969994 13.562945 0.758674
47.313811 17.783591 0.682034
46.453293 23.172769 0.631004
45.335229 29.927137 0.605398
43.900057 38.186223 0.607563
42.086460 47.961204 0.643658
39.839899 59.042460 0.726054
37.125798 70.906441 0.877668
33.946685 82.665660 1.139466
30.360281 93.121572 1.582339
26.492896 100.963600 2.322811
22.541174 105.090877 3.536021
18.756511 104.940373 5.448090
15.410363 100.659722 8.281169
12.746010 93.028835 12.139434
10.937319 83.182716 16.876113
10.090441 72.302282 22.034189
10.307979 61.421669 26.938080
11.776951 51.374794 30.917927
14.776449 42.800912 33.548714
19.457394 36.128121 34.770426
25.396113 31.522845 34.837375
31.444500 28.871035 34.156811
36.388135 27.861918 33.129732
39.709885 28.138603 32.068411
41.579658 29.407973 31.189243
42.411088 31.465855 30.641028
42.567069 34.169647 30.537456
42.289148 37.397318 30.982564
41.723307 41.010298 32.088433
40.960788 44.824629 33.986230
40.069872 48.592122 36.829625
39.116927 51.994725 40.785862
38.179292 54.656759 46.005469
37.351480 56.179196 52.558973
36.744359 56.196568 60.333891
36.475707 54.450370 68.906865
36.650687 50.863647 77.447624
37.333435 45.593183 84.752566
38.516994 39.034602 89.490398
40.106171 31.768909 90.625101
41.928724 24.463984 87.819323
43.776948 17.761746 81.574205
45.461526 12.171719 73.014806
46.853395 7.970874 63.457645
47.901874 5.135321 54.004149
48.628232 3.388187 45.339462
49.098155 2.371406 37.757097
49.387486 1.795120 31.296533
49.559579 1.476159 25.873606
49.658695 1.312579 21.360172
49.712586 1.251334 17.622500
49.737416 1.266905 14.536982
49.741932 1.349790 11.995271
49.730255 1.500950 9.904891
49.703499 1.729530 8.188064
49.660603 2.052476 6.779955
49.598640 2.495358 5.626827
49.512790 3.094130 4.684339
49.396045 3.897685 3.916048
49.238717 4.971117 3.292130
49.027734 6.399505 2.788333
48.745771 8.291839 2.385132
48.370222 10.784278 2.067094
47.872094 14.041284 1.822470
47.214998 18.252120 1.643035
46.354509 23.618761 1.524292
45.238453 30.329782 1.466184
43.808895 38.514058 1.474682
42.006924 48.170388 1.564851
39.781359 59.077148 1.766516
37.102082 70.702486 2.134385
33.977347 82.157553 2.765222
30.472215 92.249465 3.824213
26.722762 99.673499 5.577648
22.939368 103.320107 8.413574
19.393248 102.586807 12.804583
16.384293 97.548127 19.148718
14.198188 88.904584 27.471387
13.080419 77.768088 37.117748
13.263054 65.424852 46.709610
15.024950 53.159188 54.563194
18.641393 42.093968 59.399514
24.039201 32.986440 60.851724
30.367718 26.063585 59.413798
36.252565 21.076746 55.985262
40.729159 17.570386 51.439361
43.675755 15.131930 46.435256
45.455714 13.479490 41.411182
46.484178 12.442226 36.636247
47.058590 11.921309 32.261896
47.355533 11.864879 28.361142
47.469757 12.256556 24.957117
47.447551 13.110768 22.043578
47.307175 14.470469 19.599362
47.049845 16.404902 17.598513
46.665316 19.005729 16.017585
46.134817 22.379606 14.841521
45.433020 26.634793 14.069454
44.530160 31.858910 13.721823
43.395212 38.085241 13.850537
42.000992 45.246728 14.554368
40.331962 53.121221 16.002181
38.395294 61.279195 18.465966
36.235063 69.054479 22.361162
33.948271 75.564727 28.277395
31.699764 79.804256 36.949764
29.730942 80.813854 49.069470
28.354750 77.906395 64.809890
27.925914 70.903381 83.086047
28.768986 60.310812 100.995113
31.042445 47.327704 114.296305
34.558851 33.610255 119.286890
38.710136 20.910369 114.911516
42.674350 10.841930 103.310660
45.789771 4.546243 88.403990
47.814714 1.694603 73.647667
48.934731 0.673682 60.694911
49.493963 0.315069 49.831616
49.759306 0.175247 40.856253
49.882595 0.113739 33.478491
49.939606 0.084090 27.425850
49.966062 0.069264 22.464595
49.978383 0.062365 18.399656
49.984040 0.060416 15.069877
49.986410 0.062150 12.342684
49.987010 0.067160 10.109235
49.986491 0.075562 8.280268
49.985088 0.087872 6.782618
49.982822 0.104995 5.556335
49.979569 0.128268 4.552309
49.975098 0.159574 3.730316
49.969054 0.201495 3.057415
49.960942 0.257545 2.506628
49.950082 0.332476 2.055866
49.935553 0.432704 1.687044
49.916105 0.566873 1.385355
49.890057 0.746615 1.138681
49.855139 0.987551 0.937102
49.808299 1.310618 0.772506
49.745434 1.743796 0.638256
49.661045 2.324325 0.528931
49.547776 3.101492 0.440109
49.395834 4.140030 0.368189
49.192241 5.524064 0.310254
48.919929 7.361337 0.263958
48.556659 9.787031 0.227443
48.073837 12.965875 0.199285
47.435344 17.090087 0.178463
46.596678 22.369286 0.164371
45.504881 29.006758 0.156888
44.100067 37.155513 0.156529
42.319602 46.849111 0.164762
40.106123 57.909677 0.184599
37.420192 69.851641 0.221674
34.257059 81.823407 0.286142
30.664672 92.647695 0.395758
26.757380 101.009617 0.580172
22.718228 105.778403 0.885098
18.784109 106.352124 1.372276
15.212001 102.856899 2.108519
12.230588 96.084858 3.139853
9.992094 87.203208 4.458383
8.553217 77.399218 5.982194
7.909589 67.636252 7.566119
8.071387 58.586193 9.041862
9.137641 50.685342 10.267904
11.323730 44.227126 11.167181
14.873839 39.435033 11.740957
19.777227 36.490286 12.060052
25.419951 35.509362 12.242360
30.675633 36.499344 12.428119
34.579089 39.341034 12.763693
36.820706 43.810454 13.400808
37.606914 49.596736 14.511925
37.303953 56.285539 16.318360
36.242075 63.320644 19.127019
34.685010 69.977999 23.368623
32.864843 75.385045 29.616836
31.023418 78.605451 38.537703
29.439369 78.789651 50.679341
28.432865 75.369538 66.014406
28.339867 68.255729 83.306315
29.441895 57.971209 99.739305
31.838857 45.630214 111.501836
35.302491 32.714933 115.465451
39.251521 20.769683 110.893419
42.963268 11.205878 99.782301
45.883090 5.021712 85.617010
47.812677 2.018897 71.500898
48.907109 0.851731 59.012454
49.467423 0.415220 48.489382
49.739338 0.237982 39.774670
49.868362 0.158007 32.602479
49.929271 0.118916 26.714469
49.958120 0.099351 21.886124
49.971801 0.090485 17.928970
49.978127 0.088476 14.686834
49.980688 0.091707 12.031030
49.981106 0.099715 9.855805
49.980071 0.112762 8.074371
49.977809 0.131685 6.615562
49.974286 0.157892 5.421047
49.969290 0.193446 4.443033
49.962448 0.241234 3.642367
49.953214 0.305215 2.986982
49.940826 0.390762 2.450614
49.924242 0.505141 2.011759
49.902050 0.658153 1.652810
49.872340 0.862982 1.359354
49.832538 1.137334 1.119599
49.779180 1.504924 0.923895
49.707614 1.997403 0.764355
49.611605 2.656819 0.634539
49.482828 3.538667 0.529195
49.310214 4.715543 0.444056
49.079140 6.281257 0.375673
48.770442 8.354984 0.321289
48.359285 11.084547 0.278743
47.813962 14.647064 0.246415
47.094819 19.243967 0.223212
46.153670 25.085752 0.208604
44.934309 32.360288 0.202759
43.375047 41.178331 0.206822
41.414427 51.493525 0.223446
39.001214 63.005154 0.257803
36.109009 75.071852 0.319376
32.754082 86.688292 0.425038
29.012373 96.585714 0.603770
25.029189 103.484419 0.902517
21.014719 106.443283 1.390035
17.221013 105.161052 2.151617
13.900943 100.069128 3.266129
11.257294 92.158342 4.765482
9.403822 82.639313 6.594912
8.369975 72.622969 8.602871
8.160252 62.956615 10.575007
8.837296 54.220690 12.298158
10.578907 46.805772 13.623432
13.645624 40.992392 14.502576
18.164131 36.992894 14.989242
23.745332 34.943013 15.212968
29.359565 34.863477 15.342073
33.882820 36.642750 15.552705
36.772082 40.066073 16.016255
38.115669 44.852896 16.907521
38.271778 50.658646 18.428225
37.597079 57.041511 20.839000
36.371480 63.423996 24.493104
34.820829 69.081211 29.858575
33.159860 73.179843 37.496620
31.625425 74.879197 47.933896
30.490553 73.488472 61.350261
30.052801 68.654326 77.073865
30.587316 60.529020 93.114495
32.255281 49.842194 106.267201
34.983152 37.802588 113.206721
38.393634 25.852616 112.142305
41.897925 15.428295 103.804469
44.926516 7.761292 90.964216
47.137023 3.354355 76.881809
48.506872 1.407480 63.794609
49.253077 0.653357 52.535882
49.629353 0.353245 43.137224
49.812192 0.222130 35.376993
49.899888 0.159506 28.996768
49.941944 0.128106 23.760775
49.962169 0.112914 19.467624
49.971779 0.107461 15.949214
49.976001 0.108935 13.066546
49.977244 0.116305 10.705180
49.976574 0.129569 8.771097
49.974394 0.149468 7.187152
49.970747 0.177426 5.890087
49.965448 0.215605 4.828055
49.958118 0.267078 3.958573
49.948183 0.336077 3.246842
49.934829 0.428371 2.664356
49.916940 0.551769 2.187774
49.892998 0.716804 1.797984
49.860950 0.937657 1.479341
49.818027 1.233364 1.219043
49.760502 1.629408 1.006618
49.683370 2.159778 0.833507
49.579928 2.869565 0.692720
49.441232 3.818178 0.578566
49.255408 5.083124 0.486421
49.006792 6.764187 0.412559
48.674912 8.987464 0.354011
48.233321 11.908178 0.308469
47.648416 15.710240 0.274235
46.878443 20.599169 0.250214
45.873121 26.783331 0.235985
44.574571 34.437063 0.231983
42.920544 43.639781 0.239876
40.851119 54.290304 0.263289
38.319883 66.008835 0.309132
35.309579 78.060899 0.389963
31.850233 89.359796 0.527953
28.035017 98.604959 0.760716
24.027036 104.567487 1.147883
20.050514 106.443052 1.773747
16.363037 104.113306 2.736768
13.210861 98.171330 4.117302
10.778433 89.693002 5.928398
9.158188 79.886848 8.075796
8.371072 69.808327 10.359167
8.437956 60.242340 12.523591
9.461738 51.728016 14.337735
11.664129 44.638332 15.661514
15.296363 39.245906 16.476820
20.335922 35.743434 16.876872
26.122683 34.218765 17.027692
31.482981 34.622964 17.123228
35.454695 36.781310 17.354118
37.771388 40.442034 17.900327
38.678459 45.308953 18.945195
38.558737 51.029705 20.702216
37.740767 57.156531 23.446665
36.474049 63.111496 27.544014
34.965644 68.183707 33.458555
33.421145 71.577617 41.705494
32.071570 72.519801 52.684678
31.179871 70.415481 66.337441
31.020672 65.025957 81.671627
31.824570 56.613226 96.445978
33.684405 45.975997 107.510493
36.454086 34.323615 112.017350
39.724705 23.039473 108.876199
42.948039 13.468876 99.342030
45.643401 6.687661 86.269062
47.557833 2.933629 72.600298
48.722777 1.288975 60.153535
49.353584 0.633171 49.519718
49.672787 0.360828 40.659824
49.829309 0.237300 33.347704
49.905305 0.176850 27.336160
49.942236 0.146442 22.402426
49.960176 0.132351 18.356781
49.968660 0.128572 15.040959
49.972168 0.132548 12.324098
49.972764 0.143483 10.098438
49.971338 0.161667 8.275439
49.968179 0.188240 6.782438
49.963231 0.225166 5.559847
49.956191 0.275345 4.558822
49.946534 0.342849 3.739338
49.933488 0.433265 3.068606
49.915975 0.554184 2.519770
49.892523 0.715867 2.070840
49.861132 0.932140 1.703809
49.819105 1.221578 1.403943
49.762804 1.609066 1.159188
49.687343 2.127812 0.959690
49.586175 2.821905 0.797401
49.450560 3.749479 0.665766
49.268883 4.986452 0.559458
49.025818 6.630683 0.474180
48.701313 8.806044 0.406505
48.269439 11.665370 0.353762
47.697206 15.390363 0.313974
46.943542 20.185179 0.285845
45.958856 26.258780 0.268833
44.685834 33.789730 0.263347
43.062451 42.867342 0.271150
41.028365 53.407793 0.296138
38.535720 65.056264 0.345781
35.564492 77.107443 0.433691
32.140567 88.499530 0.583938
28.352036 97.940365 0.837502
24.357009 104.182464 1.259735
20.376284 106.375020 1.943934
16.667164 104.338158 3.000847
13.479878 98.609883 4.523814
11.006942 90.235549 6.533301
9.350774 80.422792 8.929110
8.541154 70.248208 11.487758
8.605669 60.527952 13.918537
9.653570 51.833417 15.953540
11.912872 44.565114 17.428075
15.633303 39.013271 18.318313
20.767639 35.372715 18.728989
26.610639 33.715729 18.846956
31.965446 33.966733 18.887227
35.895882 35.926748 19.055852
38.178481 39.332730 19.540716
39.083494 43.893532 20.525731
38.998382 49.278013 22.217397
38.246403 55.075334 24.874656
37.067994 60.758541 28.834154
35.658617 65.676497 34.516183
34.209071 69.091691 42.379884
32.931755 70.272068 52.775673
32.067659 68.631289 65.645984
31.868810 63.893302 80.110058
32.549196 56.233876 94.171645
34.203109 46.331025 104.971964
36.716856 35.271061 109.811386
39.742406 24.341033 107.469494
42.793247 14.820073 98.858212
45.419331 7.772538 86.490658
47.353407 3.597002 73.169928
48.577415 1.630541 60.803347
49.263245 0.808835 50.129236
49.619564 0.460617 41.193104
49.797907 0.301607 33.801283
49.885984 0.223610 27.717043
49.929433 0.184241 22.720261
49.950831 0.165778 18.621164
49.961084 0.160437 15.260558
49.965383 0.164875 12.506427
49.966150 0.178010 10.249886
49.964440 0.200141 8.401379
49.960597 0.232636 6.887362
49.954548 0.277883 5.647495
49.945922 0.339437 4.632305
49.934075 0.422290 3.801239
49.918059 0.533297 3.121074
49.896552 0.681776 2.564595
49.867743 0.880318 2.109514
49.829177 1.145875 1.737587
49.777540 1.501194 1.433883
49.708368 1.976685 1.186195
49.615674 2.612807 0.984547
49.491451 3.463045 0.820805
49.325039 4.597486 0.688355
49.102339 6.106877 0.581845
48.804846 8.106792 0.496988
48.408542 10.741062 0.430415
47.882706 14.182847 0.379582
47.188812 18.630551 0.342734
46.279872 24.294162 0.318961
45.100773 31.366056 0.308372
43.590511 39.969797 0.312479
41.687441 50.083478 0.334950
39.338681 61.443925 0.383007
36.514173 73.456900 0.469956
33.224288 85.162279 0.619519
29.537323 95.315304 0.872608
25.590706 102.618930 1.295964
21.588928 106.065138 1.988545
17.783298 105.250190 3.075491
14.433128 100.500610 4.676252
11.755422 92.735214 6.844352
9.884070 83.144353 9.503638
8.871681 72.867615 12.426138
8.749225 62.814446 15.280102
9.613155 53.643712 17.731696
11.678545 45.823826 19.550221
15.209111 39.691873 20.668754
20.222269 35.470132 21.181305
26.095751 33.240718 21.290497
31.641470 32.922833 21.239015
35.840832 34.304228 21.258080
38.388205 37.113377 21.549363
39.525695 41.068807 22.295634
39.647012 45.875664 23.685863
39.086213 51.188414 25.943398
38.085525 56.570291 29.349801
36.830258 61.472794 34.254202
35.489884 65.251549 41.046891
34.246731 67.228591 50.059907
33.307828 66.801562 61.352531
32.896423 63.585653 74.383781
33.218137 57.554621 87.707213
34.399458 49.126709 98.995176
36.412162 39.138927 105.676939
39.028000 28.700064 106.041625
41.859646 18.992846 100.108778
44.487405 11.093398 89.602503
46.595756 5.706100 77.050334
48.058845 2.738256 64.634801
48.948517 1.359680 53.543198
49.439847 0.752810 44.105421
49.696569 0.475346 36.240019
49.827380 0.340166 29.742110
49.893534 0.271600 24.394941
49.926895 0.237897 20.003174
49.943401 0.225096 16.399832
49.950856 0.227029 13.445178
49.952999 0.241355 11.023389
49.951529 0.267941 9.038927
49.947078 0.308229 7.413192
49.939661 0.365083 6.081622
49.928867 0.442906 4.991234
49.913912 0.547967 4.098577
49.893612 0.688925 3.368035
49.866300 0.877570 2.770426
49.829683 1.129847 2.281850
49.780647 1.467204 1.882740
49.714989 1.918380 1.557091
49.627053 2.521676 1.291819
49.509265 3.327828 1.076250
49.351528 4.403468 0.901696
49.140460 5.835107 0.761119
48.858469 7.733309 0.648868
48.482667 10.236328 0.560482
47.983692 13.511752 0.492556
47.324583 17.753608 0.442690
46.460008 23.170860 0.409527
45.336378 29.961588 0.392945
43.893656 38.266343 0.394484
42.069970 48.096287 0.418188
39.810181 59.239965 0.472191
37.079108 71.169670 0.571582
33.878679 82.991945 0.743394
30.265895 93.502830 1.034526
26.365852 101.391373 1.522338
22.372812 105.566717 2.323737
18.533763 105.489482 3.591228
15.112984 101.342367 5.478704
12.342989 93.942117 8.069366
10.380581 84.445894 11.290749
9.301488 74.023059 14.873601
9.154874 63.650265 18.400504
10.052144 54.065774 21.434064
12.221797 45.811488 23.661236
15.925567 39.276213 24.982298
21.131590 34.696365 25.510143
27.123529 32.124285 25.496797
32.662122 31.421916 25.237114
36.781335 32.324871 24.998805
39.265139 34.538620 24.998941
40.406526 37.793786 25.415843
40.606835 41.841160 26.415332
40.186720 46.413663 28.177427
39.367041 51.184629 30.917174
38.306328 55.740262 34.893924
37.140397 59.577697 40.397310
36.009948 62.137211 47.688451
35.074210 62.872558 56.869233
34.509488 61.354386 67.669657
34.489880 57.388005 79.208904
35.148206 51.110604 89.895454
36.522633 43.023096 97.687678
38.510996 33.926355 100.775537
40.869145 24.778950 98.375414
43.273739 16.534749 91.109281
45.421295 9.983213 80.690258
47.110927 5.527379 69.137219
48.285178 2.965820 58.018781
49.016362 1.663723 48.143923
49.436612 1.027463 39.727502
49.666976 0.710056 32.692620
49.790386 0.546606 26.866115
49.855765 0.462916 22.062181
49.889792 0.425299 18.110847
49.906405 0.418355 14.865283
49.912658 0.435560 12.201739
49.911952 0.475273 10.017156
49.905698 0.539081 8.226240
49.894144 0.631255 6.758655
49.876744 0.758798 5.556530
49.852277 0.931908 4.572315
49.818830 1.164789 3.766986
49.773664 1.476841 3.108543
49.712995 1.894271 2.570773
49.631680 2.452210 2.132223
49.522783 3.197401 1.775365
49.377015 4.191487 1.485913
49.182025 5.514858 1.252273
48.921523 7.270784 1.065102
48.574239 9.589242 0.916981
48.112778 12.629216 0.802183
47.502473 16.577266 0.716553
46.700508 21.638783 0.657530
45.655744 28.016701 0.624376
44.310003 35.871251 0.618719
42.601818 45.255437 0.645665
40.473838 56.027053 0.715879
37.884775 67.752524 0.849406
34.825701 79.640129 1.082351
31.338334 90.560149 1.477783
27.530342 99.204057 2.141055
23.580828 104.381380 3.234998
19.729713 105.361328 4.980023
16.247960 102.100366 7.612846
13.391724 95.231567 11.284103
11.356346 85.827166 15.919406
10.263772 75.081327 21.129028
10.211913 64.079875 26.259245
11.363869 53.715302 30.596749
13.987054 44.683998 33.625413
18.296637 37.475968 35.190129
24.035484 32.326141 35.485724
30.187472 29.179759 34.907520
35.466806 27.753654 33.876892
39.168978 27.684647 32.735369
41.345632 28.658463 31.722548
42.391860 30.453341 31.000232
42.694490 32.920426 30.686107
42.521243 35.943711 30.881356
42.034682 39.401675 31.690167
41.333127 43.136428 33.232571
40.484895 46.931682 35.650727
39.551486 50.501891 39.105585
38.602224 53.496794 43.756706
37.722374 55.526060 49.714455
37.014956 56.206538 56.954673
36.594963 55.229179 65.199321
36.574193 52.434517 73.799893
37.036428 47.876487 81.705429
38.007199 41.849427 87.612421
39.429637 34.859655 90.321850
41.162499 27.543986 89.173643
43.009512 20.560658 84.316513
44.770163 14.480724 76.641023
46.288116 9.687320 67.419742
47.479350 6.288966 57.869489
48.336006 4.108090 48.854719
48.907461 2.806362 40.822897
49.267395 2.058538 33.907188
49.485170 1.638141 28.066966
49.612830 1.412445 23.188799
49.684529 1.310189 19.140117
49.720833 1.295549 15.792968
49.733295 1.352981 13.032883
49.727779 1.479508 10.761096
49.706527 1.681264 8.894018
49.669282 1.972425 7.361694
49.613787 2.375602 6.105992
49.535878 2.923274 5.078849
49.429285 3.660084 4.240692
49.285205 4.645883 3.559079
49.091669 5.959374 3.007563
48.832723 7.702043 2.564773
48.487443 10.001711 2.213702
48.028845 13.014486 1.941216
47.422830 16.922931 1.737817
46.627395 21.926991 1.597725
45.592586 28.222616 1.519436
44.261890 35.962003 1.507039
42.576081 45.190420 1.572826
40.480677 55.760595 1.742176
37.937899 67.239501 2.062344
34.943003 78.843432 2.617665
31.542839 89.455909 3.553724
27.852018 97.777422 5.109834
24.060163 102.605807 7.646984
20.423927 103.161311 11.633019
17.240272 99.311450 17.520859
14.805140 91.586548 25.477700
13.378998 81.002794 35.047300
13.196686 68.821041 44.998950
14.525415 56.352489 53.623379
17.661059 44.797769 59.425165
22.662225 35.045801 61.756536
28.882525 27.475310 60.926471
34.997488 21.942058 57.800491
39.864157 18.015341 53.313208
43.167585 15.257773 48.207282
45.200204 13.353556 42.990346
46.389548 12.104991 37.979953
47.065607 11.393251 33.358258
47.431507 11.150170 29.215864
47.599103 11.344885 25.584338
47.625127 11.978495 22.459771
47.534488 13.081759 19.819360
47.333060 14.713447 17.632812
47.014182 16.957855 15.870217
46.561923 19.919908 14.507850
45.952937 23.715678 13.533262
45.158087 28.455547 12.950936
44.144745 34.216921 12.790014
42.880593 41.004132 13.115977
41.339785 48.695967 14.048787
39.512227 56.987333 15.790333
37.416316 65.340848 18.662679
35.114605 72.973616 23.151533
32.730447 78.907373 29.928672
30.461774 82.099259 39.783722
28.586067 81.645843 53.340349
27.448008 77.026176 70.445214
27.417266 68.328305 89.371434
28.794868 56.373954 106.507737
31.646777 42.627676 117.411416
35.620481 28.865402 119.071383
39.952878 16.822228 111.666872
43.792873 8.005727 98.306039
46.591519 3.123929 83.063055
48.286939 1.160577 68.816895
49.179164 0.484646 56.601256
49.612551 0.241038 46.436833
49.815372 0.141935 38.061402
49.909007 0.096725 31.183834
49.952194 0.074481 25.544076
49.972208 0.063446 20.922284
49.981488 0.058729 17.135948
49.985665 0.058201 14.034619
49.987276 0.060996 11.494661
49.987447 0.066927 9.414626
49.986643 0.076248 7.711338
49.985012 0.089584 6.316635
49.982522 0.107942 5.174672
49.979017 0.132778 4.239707
49.974235 0.166115 3.474274
49.967793 0.210722 2.847693
49.959157 0.270351 2.334840
49.947600 0.350080 1.915144
49.932137 0.456753 1.571762
49.911437 0.599592 1.290907
49.883701 0.790998 1.061293
49.846512 1.047620 0.873686
49.796613 1.391758 0.720531
49.729633 1.853190 0.595652
49.639714 2.471505 0.494002
49.519026 3.299023 0.411468
49.357158 4.404319 0.344702
49.140330 5.876268 0.290997
48.850451 7.828253 0.248180
48.464012 10.401767 0.214539
47.950887 13.767869 0.188775
47.273196 18.123783 0.169981
46.384573 23.680387 0.157661
45.230356 30.634682 0.151813
43.749587 39.120668 0.153106
41.879926 49.134634 0.163231
39.566635 60.439921 0.185556
36.776225 72.474420 0.226316
33.513826 84.308143 0.296684
29.840824 94.712674 0.416039
25.886687 102.382527 0.616300
21.847941 106.274501 0.945557
17.969187 105.935488 1.466328
14.505553 101.650888 2.241875
11.672607 94.324541 3.308419
9.601637 85.157062 4.643789
8.330797 75.302064 6.153368
7.850770 65.659274 7.687540
8.183746 56.840692 9.084546
9.451619 49.241510 10.217853
11.887191 43.132658 11.028219
15.713020 38.726516 11.532122
20.823054 36.194677 11.809791
26.475877 35.637664 11.982296
31.517822 37.041159 12.188716
35.093370 40.266283 12.573282
37.017894 45.072847 13.288177
37.552489 51.130696 14.511748
37.064225 57.996485 16.478717
35.869458 65.075026 19.518334
34.223033 71.600769 24.091880
32.357382 76.670672 30.804342
30.522056 79.344989 40.331170
29.006897 78.811254 53.162786
28.141572 74.584811 69.092084
28.262399 66.699701 86.575486
29.630961 55.817669 102.493983
32.295177 43.163472 112.986050
35.948944 30.264176 115.270005
39.949613 18.650901 109.182086
43.573960 9.686084 97.165193
46.323385 4.197210 82.789611
48.078449 1.680158 68.909569
49.048219 0.725305 56.800289
49.537279 0.364915 46.648762
49.772878 0.215563 38.257007
49.884341 0.146921 31.355476
49.936929 0.113030 25.691414
49.961838 0.096168 21.047419
49.973622 0.088911 17.241668
49.979000 0.088015 14.123735
49.981050 0.092158 11.569756
49.981153 0.101041 9.477980
49.979883 0.115043 7.764921
49.977404 0.135100 6.362129
49.973646 0.162727 5.213502
49.968365 0.200118 4.273078
49.961163 0.250321 3.503204
49.951457 0.317505 2.873042
49.938445 0.407329 2.357337
49.921029 0.527436 1.935409
49.897722 0.688130 1.590330
49.866516 0.903272 1.308242
49.824705 1.191465 1.077804
49.768647 1.577613 0.889742
49.693452 2.094932 0.736474
49.592575 2.787506 0.611809
49.457275 3.713440 0.510703
49.275949 4.948610 0.429060
49.033281 6.590817 0.363574
48.709235 8.763879 0.311608
48.277899 11.620619 0.271107
47.706297 15.342816 0.240549
46.953356 20.134870 0.218933
45.969459 26.206239 0.205840
44.697227 33.736328 0.201576
43.074502 42.815697 0.207482
41.040718 53.362147 0.226537
38.547675 65.022668 0.264448
35.574867 77.093546 0.331632
32.147528 88.513888 0.446520
28.352902 97.991506 0.640536
24.348001 104.278397 0.963888
20.352184 106.524145 1.488491
16.620912 104.551937 2.300268
13.402178 98.906313 3.472955
10.885635 90.640971 5.026145
9.168830 80.969017 6.888796
8.271439 70.963348 8.896293
8.201667 61.422842 10.830924
9.038502 52.889152 12.487581
10.979088 45.728789 13.733370
14.282901 40.208724 14.537986
19.019144 36.530287 14.969607
24.686684 34.813417 15.166058
30.187939 35.057833 15.297887
34.459626 37.132995 15.540070
37.076518 40.811908 16.063057
38.197272 45.804501 17.043972
38.192225 51.752334 18.691967
37.406651 58.192184 21.281086
36.109058 64.520041 25.183444
34.520940 69.986606 30.887274
32.859326 73.746542 38.963024
31.367315 74.970276 49.909906
30.324388 73.009212 63.807003
30.029652 67.584650 79.787584
30.747822 58.946023 95.622821
32.610082 47.917993 107.976215
35.493577 35.771035 113.656166
38.972508 23.963504 111.257327
42.441290 13.915345 101.928514
45.354661 6.789410 88.652915
47.420501 2.885016 74.611378
48.668356 1.221043 61.795986
49.336573 0.580169 50.853191
49.670479 0.321843 41.743304
49.832084 0.207164 34.229316
49.909508 0.151755 28.054238
49.946643 0.123926 22.987643
49.964491 0.110744 18.833833
49.972917 0.106597 15.429832
49.976514 0.109071 12.641011
49.977388 0.117343 10.356583
49.976460 0.131548 8.485557
49.974057 0.152534 6.953281
49.970179 0.181829 5.698550
49.964610 0.221720 4.671200
49.956942 0.275428 3.830131
49.946569 0.347387 3.141677
49.932639 0.443623 2.578262
49.913982 0.572294 2.117305
49.889014 0.744397 1.740320
49.855589 0.974731 1.432172
49.810818 1.283156 1.180479
49.750810 1.696244 0.975113
49.670343 2.249412 0.807796
49.562429 2.989608 0.671772
49.417746 3.978605 0.561538
49.223929 5.296865 0.472632
48.964690 7.047734 0.401459
48.618764 9.361390 0.345162
48.158747 12.397336 0.301534
47.549910 16.343256 0.268970
46.749269 21.406597 0.246469
45.705345 27.793609 0.233721
44.359361 35.669317 0.231307
42.648888 45.092885 0.241114
40.515150 55.928959 0.267122
37.914880 67.750104 0.316845
34.836507 79.768190 0.403883
31.318319 90.853399 0.552128
27.463457 99.694928 0.801810
23.444808 105.103584 1.215878
19.493553 106.362324 1.881392
15.868689 103.460596 2.896337
12.810510 97.080318 4.334273
10.491074 88.338689 6.194642
8.989706 78.436375 8.367137
8.321916 68.392761 10.640410
8.515405 58.953108 12.759163
9.689305 50.626879 14.502686
12.079010 43.768819 15.748024
15.920662 38.639669 16.494430
21.120029 35.419549 16.847738
26.920192 34.178870 16.979827
32.128283 34.849814 17.084890
35.866950 37.244311 17.351438
37.963324 41.103618 17.958408
38.701756 46.125044 19.091575
38.463850 51.944572 20.971457
37.566246 58.096347 23.885131
36.250044 63.981000 28.213312
34.720218 68.869387 34.433904
33.185242 71.959425 43.061456
31.881428 72.491384 54.457799
31.076072 69.910158 68.461653
31.042633 64.042311 83.909618
31.999185 55.230180 98.381899
34.010123 44.346032 108.671826
36.889332 32.642913 112.096808
40.195207 21.512766 107.899259
43.374441 12.282885 97.644546
45.970089 5.953946 84.306444
47.769720 2.585836 70.724502
48.842473 1.147614 58.518339
49.415641 0.575111 48.146686
49.703651 0.334744 39.523051
49.844454 0.224374 32.411747
49.912763 0.169951 26.567403
49.945956 0.142647 21.771739
49.962053 0.130373 17.839688
49.969595 0.127826 14.617153
49.972584 0.132782 11.976826
49.972855 0.144634 9.813922
49.971186 0.163799 8.042364
49.967805 0.191523 6.591519
49.962617 0.229880 5.403472
49.955291 0.281901 4.430750
49.945271 0.351821 3.634456
49.931753 0.445440 2.982725
49.913616 0.570631 2.449458
49.889331 0.738032 2.013286
49.856827 0.961970 1.656713
49.813305 1.261686 1.365420
49.754997 1.662949 1.127697
49.676842 2.200125 0.933969
49.572059 2.918808 0.776421
49.431603 3.879056 0.648687
49.243464 5.159195 0.545598
48.991802 6.859996 0.462987
48.655926 9.108686 0.397540
48.209122 12.061655 0.346683
47.617477 15.903809 0.308527
46.838905 20.841098 0.281870
45.822810 27.081125 0.266270
44.511100 34.795387 0.262270
42.841532 44.057330 0.271826
40.754590 54.755867 0.299153
38.204860 66.497509 0.352251
35.176843 78.532419 0.445651
31.703111 89.761469 0.604946
27.879965 98.880755 0.873449
23.873751 104.671668 1.319519
19.911377 106.352780 2.039059
16.251842 103.833345 3.142605
13.141021 97.727758 4.717531
10.761546 89.119869 6.771853
9.204889 79.214449 9.190242
8.495862 69.060077 11.738454
8.667310 59.440318 14.125044
9.841799 50.901300 16.092070
12.258399 43.827194 17.491270
16.153032 38.496670 18.315477
21.417038 35.092152 18.681291
27.265526 33.669988 18.780655
32.490226 34.138871 18.828141
36.228176 36.290098 19.027059
38.332024 39.856749 19.563511
39.101736 44.544139 20.622599
38.922339 50.013151 22.415777
38.106744 55.839392 25.210697
36.888230 61.479011 29.355314
35.460314 66.265456 35.280009
34.015902 69.453815 43.443564
32.771540 70.319506 54.168901
31.971825 68.303673 67.323705
31.868391 63.178504 81.900195
32.666517 55.181938 95.763122
34.440072 45.052375 105.995037
37.045816 33.916365 110.000207
40.109729 23.073649 106.802112
43.137891 13.793473 97.563645
45.694389 7.092777 84.919719
47.540237 3.245915 71.622522
48.687567 1.478111 59.431819
49.322331 0.743954 48.968463
49.649762 0.430864 40.228460
49.813087 0.286582 33.005502
49.893644 0.215371 27.062679
49.933364 0.179487 22.183023
49.952893 0.163036 18.180453
49.962175 0.159022 14.899200
49.965937 0.164475 12.210219
49.966371 0.178519 10.007127
49.964418 0.201587 8.202448
49.960359 0.235151 6.724360
49.954085 0.281708 5.513941
49.945195 0.344932 4.522883
49.933018 0.429964 3.711594
49.916576 0.543856 3.047635
49.894506 0.696178 2.504436
49.864947 0.899863 2.060239
49.825379 1.172311 1.697231
49.772396 1.536866 1.400841
49.701419 2.024723 1.159149
49.606301 2.677364 0.962421
49.478830 3.549591 0.802721
49.308076 4.713146 0.673594
49.079591 6.260806 0.569826
48.774431 8.310524 0.487241
48.368034 11.008733 0.422568
47.829027 14.531098 0.373348
47.118156 19.077785 0.337907
46.187678 24.858693 0.315422
44.981831 32.062567 0.306105
43.439286 40.803598 0.311609
41.498720 51.042608 0.335822
39.108626 62.490427 0.386333
36.241765 74.520639 0.477068
32.912950 86.142585 0.632798
29.196260 96.095341 0.896085
25.235347 103.092859 1.335906
21.239900 106.169570 2.053428
17.463690 104.985087 3.174256
14.164305 99.927752 4.814096
11.552570 91.954971 7.017177
9.754109 82.264381 9.694706
8.816166 71.979746 12.608408
8.771431 61.986806 15.424209
9.724866 52.923783 17.815667
11.900486 45.244512 19.566125
15.556226 39.275357 20.623686
20.670588 35.227972 21.093338
26.562656 33.172052 21.182391
32.026767 33.015209 21.132852
36.091633 34.538716 21.172787
38.509126 37.469634 21.501192
39.546597 41.525854 22.300384
39.597408 46.408727 23.761718
38.987931 51.764400 26.113725
37.954517 57.144218 29.645346
36.680393 61.986955 34.713360
35.336100 65.638792 41.711195
34.106926 67.420515 50.960207
33.203158 66.741241 62.482036
32.849486 63.242794 75.662085
33.248433 56.938856 88.956844
34.516160 48.292918 99.966133
36.606666 38.179978 106.135375
39.271935 27.729621 105.880723
42.112701 18.127431 99.402252
44.711148 10.433779 88.560318
46.765465 5.297391 75.910496
48.169978 2.531557 63.563968
49.013326 1.264432 52.610606
49.475114 0.707639 43.319861
49.715213 0.451981 35.587542
49.837237 0.326856 29.203517
49.898861 0.263344 23.951668
49.929888 0.232428 19.638908
49.945167 0.221318 16.100744
49.951951 0.224390 13.199723
49.953701 0.239580 10.822004
49.951977 0.266914 8.873721
49.947336 0.307942 7.277671
49.939751 0.365613 5.970448
49.928785 0.444414 4.900022
49.913632 0.550710 4.023728
49.893088 0.693273 3.306597
49.865461 0.884041 2.719977
49.828428 1.139151 2.240403
49.778839 1.480304 1.848666
49.712438 1.936566 1.529052
49.623506 2.546670 1.268721
49.504381 3.361904 1.057192
49.344853 4.449599 0.885941
49.131394 5.897125 0.748061
48.846228 7.816066 0.638011
48.466236 10.345811 0.551420
47.961781 13.655082 0.484958
47.295584 17.938791 0.436289
46.421980 23.406101 0.404113
45.287075 30.253922 0.388364
43.830644 38.619332 0.390640
41.990875 48.506734 0.415064
39.713113 59.694058 0.469885
36.963259 71.639853 0.570381
33.745030 83.436674 0.743889
30.117850 93.871565 1.037771
26.209536 101.635482 1.529956
22.216761 105.653430 2.337709
18.387860 105.412729 3.612912
14.986699 101.124594 5.506821
12.243337 93.625958 8.097602
10.310850 84.080620 11.306844
9.261957 73.653038 14.861689
9.145446 63.309537 18.346345
10.075058 53.777825 21.330508
12.281882 45.591109 23.510907
16.025128 39.131317 24.796328
21.259798 34.629241 25.304146
27.251941 32.132867 25.286513
32.759740 31.501878 25.035678
36.833711 32.472033 24.816219
39.274733 34.749999 24.843094
40.381930 38.066594 25.294154
40.555623 42.170445 26.336477
40.113987 46.789498 28.152989
39.276456 51.589544 30.963137
38.201653 56.147577 35.031606
37.026827 59.951542 40.652674
35.895080 62.435033 48.087771
34.968506 63.050577 57.428555
34.425903 61.375731 68.377127
34.442247 57.232099 80.005096
35.148046 50.780995 90.666131
36.574793 42.550277 98.286139
38.609984 33.363670 101.075284
40.999036 24.193665 98.325308
43.412720 15.998123 90.753725
45.548386 9.557435 80.141590
47.211812 5.241536 68.520537
48.355696 2.799298 57.424460
49.061171 1.571744 47.614855
49.463639 0.974784 39.274397
49.683096 0.677258 32.311680
49.800224 0.524110 26.548748
49.862085 0.445972 21.799019
49.894162 0.411410 17.893179
49.909700 0.406092 14.685477
49.915376 0.424012 12.053295
49.914389 0.463774 9.894608
49.908046 0.527069 8.125030
49.896548 0.618177 6.675001
49.879329 0.744048 5.487299
49.855172 0.914759 4.514916
49.822183 1.144332 3.719279
49.777657 1.451903 3.068759
49.717862 1.863318 2.537448
49.637724 2.413225 2.104144
49.530406 3.147730 1.751522
49.386748 4.127665 1.465462
49.194569 5.432402 1.234498
48.937795 7.163989 1.049391
48.595428 9.451022 0.902795
48.140402 12.451063 0.789028
47.538433 16.349480 0.703947
46.747111 21.351179 0.644968
45.715682 27.660096 0.611267
44.386231 35.440047 0.604300
42.697281 44.751450 0.628849
40.590983 55.464286 0.694999
38.024836 67.161602 0.821766
34.987790 79.069985 1.043460
31.518532 90.073931 1.420128
27.721076 98.867605 2.052387
23.770878 104.246486 3.096583
19.905089 105.450593 4.766279
16.393694 102.401610 7.294746
13.494186 95.704922 10.838024
11.404748 86.419961 15.339485
10.248686 75.741275 20.436494
10.120028 64.760252 25.501455
11.172319 54.373797 29.833984
13.666090 45.281995 32.911558
17.833847 37.983563 34.557875
23.476627 32.731867 34.943763
29.637969 29.496391 34.448547
35.021089 28.012218 33.488607
38.853177 27.921068 32.407698
41.133493 28.903486 31.449989
42.244153 30.729124 30.781662
42.579489 33.240719 30.524138
42.418162 36.314481 30.782075
41.931290 39.820969 31.663342
41.223076 43.593493 33.292110
40.366093 47.405887 35.814982
39.425408 50.962226 39.396766
38.473761 53.902840 44.198224
37.599823 55.831241 50.324557
36.909734 56.364058 57.734994
36.520605 55.200325 66.119165
36.544286 52.197871 74.781864
37.061377 47.435491 82.623731
38.090452 41.235284 88.315140
39.564929 34.127757 90.676438
41.334046 26.764828 89.115495
43.195786 19.808320 83.872255
44.949570 13.820889 75.912731
46.443986 9.163952 66.541505
47.602846 5.912119 56.961858
48.426499 3.855088 47.998512
48.970164 2.640482 40.057820
49.309636 1.947488 33.244541
49.513617 1.560075 27.503079
49.632448 1.354143 22.713737
49.698640 1.263873 18.742171
49.731552 1.256558 15.460684
49.741937 1.318387 12.755870
49.735173 1.447346 10.530269
49.713214 1.650094 8.701592
49.675636 1.941072 7.201074
49.620094 2.342985 5.971627
49.542385 2.888288 4.966082
49.436232 3.621493 4.145622
49.292855 4.602225 3.478434
49.100329 5.908870 2.938588
48.842768 7.642521 2.505129
48.499336 9.930560 2.161377
48.043162 12.928669 1.894443
47.440267 16.819135 1.694983
46.648773 21.801962 1.557277
45.618821 28.073821 1.479755
44.293926 35.788682 1.466264
42.614756 44.995069 1.528576
40.526503 55.550714 1.691095
37.990751 67.029077 1.999336
35.001729 78.653281 2.534613
31.604859 89.311887 3.437478
27.912987 97.706178 4.939434
24.113809 102.629175 7.390848
20.462131 103.291845 11.248523
17.253359 99.551372 16.960617
14.782098 91.929912 24.706339
13.306680 81.437665 34.065906
13.057158 69.328473 43.863228
14.293969 56.903861 52.437161
17.314693 45.357604 58.305683
22.208719 35.584817 60.793841
28.386805 27.985316 60.165632
34.549983 22.436373 57.250353
39.514563 18.514226 52.962859
42.910169 15.775769 48.036561
45.005407 13.897637 42.974717
46.229672 12.678748 38.093614
46.921911 12.001118 33.576807
47.292534 11.799710 29.518274
47.457577 12.047505 25.954056
47.475680 12.749358 22.885082
47.372340 13.939303 20.293366
47.153343 15.678516 18.153318
46.811662 18.052178 16.439771
46.330988 21.163467 15.134151
45.687852 25.122421 14.230120
44.853575 30.026912 13.740072
43.796997 35.932881 13.704061
42.488851 42.812188 14.203195
40.908608 50.499809 15.380004
39.054456 58.638794 17.468224
36.956558 66.640549 20.831697
34.692739 73.685999 26.001903
32.404246 78.793192 33.677630
30.307235 80.963228 44.603043
28.693309 79.391820 59.197640
27.909469 73.708892 76.879427
28.302566 64.184723 95.359794
30.106032 51.806318 110.687168
33.265084 38.121154 118.712708
37.302018 24.887246 117.339546
41.423750 13.781483 107.729528
44.875237 6.180953 93.459594
47.260145 2.346593 78.372196
48.643017 0.897627 64.744280
49.352224 0.396173 53.200703
49.692904 0.208370 43.632405
49.851897 0.128847 35.758214
49.925430 0.091480 29.295308
49.959490 0.072871 23.996636
49.975342 0.063831 19.654766
49.982683 0.060454 16.097919
49.985906 0.061046 13.184638
49.986989 0.064971 10.798729
49.986800 0.072193 8.844871
49.985683 0.083102 7.244925
49.983715 0.098468 5.934858
49.980817 0.119473 4.862211
49.976792 0.147801 3.984017
49.971329 0.185774 3.265084
49.963985 0.236560 2.676593
49.954149 0.304450 2.194946
49.940988 0.395240 1.800821
49.923376 0.516743 1.478400
49.899791 0.679477 1.214734
49.868185 0.897578 0.999224
49.825795 1.190006 0.823200
49.768911 1.582129 0.679568
49.692553 2.107759 0.562533
49.590054 2.811742 0.467363
49.452523 3.753147 0.390202
49.268159 5.009048 0.327920
49.021393 6.678696 0.277993
