#"months" "Waves" "Error"
1 1.4 0.122474487139159
2 1.06666666666667 0.123765939025385
3 1.11612903225806 0.105351105162694
4 0.82258064516129 0.0805504820566334
5 0.958620689655172 0.109242492654923
6 1.39032258064516 0.180283816788715
7 1.33 0.109350222973562
8 1.08387096774194 0.0830981767062567
9 1.06333333333333 0.108435407261156
10 1.14838709677419 0.157934991917148
11 1.08064516129032 0.152076618694396
12 1.12 0.13055143875469
13 0.932258064516129 0.0802398416542078
14 1.45666666666667 0.182994462156855
15 1.49354838709677 0.105232511010472
16 1.67096774193548 0.125740263813182
17 1.45357142857143 0.142212500553506
18 0.97741935483871 0.084841367144282
19 1.00666666666667 0.0927155250342437
20 0.929032258064516 0.114647055248453
21 1.25 0.176931053524104
22 1.11612903225806 0.092643004737233
23 1.95483870967742 0.217653108126059
24 2.02142857142857 0.20395281270685
25 1.5258064516129 0.205565976743019
26 1.54666666666667 0.116829115145129
27 1.16451612903226 0.105906063783747
28 1.2 0.0866335751547056
29 1.75357142857143 0.145067229703289
30 1.31612903225806 0.121292038423004
31 1.07333333333333 0.143032295471662
32 0.9 0.115934723940042
33 1.17333333333333 0.161667555395116
34 1.13870967741935 0.129902976147323
35 1.70645161290323 0.149186718820725
36 1.08333333333333 0.0965000545927227
37 1.10645161290323 0.0963791218937486
38 1.14666666666667 0.130932406298659
39 0.845161290322581 0.0620160765971505
40 0.909677419354839 0.0881536828510762
41 0.989285714285714 0.149101301251094
42 1.60967741935484 0.138994456353418
43 0.933333333333333 0.0809900424322649
44 0.925806451612903 0.114532029791124
45 0.823333333333333 0.10781884906898
46 1.37096774193548 0.130852748923352
47 1.39354838709677 0.155192248716684
48 1.29 0.137410367859934
49 0.774193548387097 0.0902764859339964
50 0.676666666666667 0.0630058076748984
51 1.08666666666667 0.0788907775932779
52 1.23548387096774 0.0965589003038437
53 1.12758620689655 0.103020461849614
54 0.996774193548387 0.103225806451613
55 0.816666666666667 0.0583456473045503
56 0.906451612903226 0.0819041511507185
57 1.39666666666667 0.144196811013675
58 1.36774193548387 0.168509410526546
59 1.08709677419355 0.141173418519307
60 1.10333333333333 0.114418402721005
61 1.6 0.153874687180311
62 1.35 0.164543953531201
63 1.38064516129032 0.135552977766915
64 0.745161290322581 0.0565759000474678
65 1.40357142857143 0.14387698144551
66 1.02413793103448 0.0988424596661377
67 0.93 0.0827890269812718
68 0.980645161290323 0.119174522322202
69 1.13 0.131669212837305
70 1.27741935483871 0.175039760608739
71 1.1258064516129 0.135596471386154
72 1.27931034482759 0.153399837376105
73 1.00645161290323 0.114152838864748
74 0.783333333333333 0.0759738813760426
75 0.97741935483871 0.128071693414976
76 1.23225806451613 0.0865574700967661
77 1.65714285714286 0.141741676820354
78 1.02903225806452 0.162520043322179
79 1.15666666666667 0.109720997616717
80 0.996 0.124026878807244
81 0.952941176470588 0.135613433922335
82 1.23548387096774 0.162939951146122
83 1.0258064516129 0.103276197377949
84 0.876666666666667 0.0946479664223839
85 1.06774193548387 0.167934133066829
86 1.01 0.0897442086627641
87 1.4 0.173018738496637
88 1.85483870967742 0.148746642479677
89 1.32142857142857 0.108788074020688
90 1.01612903225806 0.100010405285913
91 1.81333333333333 0.128182102264693
92 1.41935483870968 0.168064206550393
93 0.723333333333333 0.104791345318399
94 1.00967741935484 0.119708861765344
95 0.841379310344828 0.0968108766966865
96 1.05333333333333 0.136435183830906
97 0.806451612903226 0.0905105570829264
98 1.08 0.0964186274748709
99 1.51724137931034 0.178876416974641
100 1.54838709677419 0.129587514975251
101 1.16896551724138 0.0990227431053838
102 1.29677419354839 0.152504811908412
103 1.01333333333333 0.0816121093862144
104 0.990322580645161 0.104248961595579
105 1.13333333333333 0.18031475247934
106 1.17096774193548 0.109367049782908
107 0.912903225806452 0.130897804304336
108 1.43214285714286 0.119196335681552
109 1.04193548387097 0.142691048580935
110 0.92 0.0807151939149974
111 1.25806451612903 0.155596265092444
112 1.35161290322581 0.159223314317996
113 1.3 0.109351140632697
114 1.4258064516129 0.204832359566291
115 0.67037037037037 0.0814426221764426
116 1.35483870967742 0.157932795676047
117 1 0.162242877571718
118 0.916666666666667 0.109867562210389
119 1.05172413793103 0.123836525172811
120 1.79666666666667 0.210280782913787
121 0.8 0.156850726927338
122 0.673333333333333 0.0699644135049249
123 1.22258064516129 0.0962422657045392
124 1.07741935483871 0.0895279949512225
125 1.325 0.0965852147261873
126 1.08709677419355 0.0991080582733155
127 1.31 0.098884583831557
128 0.809677419354839 0.0996072760124316
129 1.18333333333333 0.18760948272319
130 2.04193548387097 0.232461082119062
131 1.43870967741935 0.181965222918328
132 1.05 0.131021626713557
133 1.2 0.168081026671941
134 1.59 0.22567141202841
135 1.31612903225806 0.0940254797534796
136 1.64516129032258 0.104607685903341
137 1.85714285714286 0.0991269523555301
138 1.37096774193548 0.104438441856229
139 1.79642857142857 0.168598497961101
140 1.08709677419355 0.116834773094119
141 1.03333333333333 0.104313115444032
142 1.25185185185185 0.192255347946346
143 1.17857142857143 0.124653715359128
144 1.22 0.15825194520422
145 1.15483870967742 0.128417892237905
146 1.41 0.14298541039633
147 0.951724137931034 0.0859058783916772
148 1.26206896551724 0.100908898227383
149 0.972413793103448 0.0974927749911314
150 1.28148148148148 0.126540314515321
151 1.27666666666667 0.153404531196347
152 1.3 0.107162824560301
153 1.27 0.154559068796129
154 2.14193548387097 0.227126708682047
155 1.25483870967742 0.166548692203761
156 1.01666666666667 0.062529686436314
157 0.958064516129032 0.095238714630561
158 1.13 0.12713916712049
159 1.3 0.122876043912097
160 0.974193548387097 0.0911064297785818
161 1.476 0.131184348659942
162 1.62857142857143 0.0846494706411008
163 1.51153846153846 0.141348116155923
164 1.52903225806452 0.16779362313662
165 1.01 0.118355591236796
166 1.44333333333333 0.206819557832222
167 1.24838709677419 0.113390652906195
168 1.32857142857143 0.145101418906596
169 1.23225806451613 0.137753644588063
170 1.2551724137931 0.104879265197597
171 1.57666666666667 0.146975901796221
172 1.20322580645161 0.122823754398193
173 1.17928571428571 0.108892851286136
174 1.49333333333333 0.134158366988236
175 1.36333333333333 0.164245634196134
176 1.06129032258065 0.158939862797618
177 1.11 0.173228305934716
178 1.35483870967742 0.163551886454896
179 0.916129032258065 0.0951622015629781
180 0.95 0.110874268648212
181 0.709677419354839 0.084923094710814
182 0.642857142857143 0.0856701826572294
183 0.942857142857143 0.0744341211917038
184 1.33548387096774 0.129311525744047
185 1.66785714285714 0.182650501212968
186 1.62903225806452 0.0958486203856375
187 1.49655172413793 0.240047345423449
188 1.35161290322581 0.169684778449515
189 1.18666666666667 0.129342575804369
190 1.18148148148148 0.170054209308736
191 1.80666666666667 0.154138671846912
192 1.01333333333333 0.127938477278159
193 1.2741935483871 0.1532422175705
194 0.868333333333333 0.090480306275757
195 1.05 0.075923433906087
196 1.07096774193548 0.0703590711283562
197 1.28793103448276 0.116222755492088
198 1.07741935483871 0.0908395344537337
199 1.36190476190476 0.181459190017269
200 1.30967741935484 0.0871724084183489
201 1.01 0.15225130465817
202 1.14137931034483 0.121921928643782
203 0.92258064516129 0.100398097636451
204 0.996666666666667 0.0984340999382396
205 0.835483870967742 0.092346750365979
206 1.13666666666667 0.130646784788141
207 0.832258064516129 0.11597062074881
208 1.49310344827586 0.189238234043
209 1.66666666666667 0.112849646588028
210 1.3 0.094564944538831
211 0.992857142857143 0.10324478687386
212 1.24516129032258 0.104710426063483
213 1.15666666666667 0.160221350718478
214 1.15806451612903 0.127572386666356
215 1.43548387096774 0.191628470458471
216 1.17 0.134775249271118
217 1.09032258064516 0.0828724682494524
218 1.00333333333333 0.100514004666512
219 1.11290322580645 0.109617314334022
220 1.23225806451613 0.123600735702146
221 1.50107142857143 0.121165350406285
222 1.32903225806452 0.117883991488178
223 1.48 0.13824848526534
224 1.1741935483871 0.109933287877507
225 1.32 0.163678968098229
226 1.14730769230769 0.132958706941213
227 1.10967741935484 0.139611969070474
228 1.06666666666667 0.147182999184832
229 0.871428571428571 0.108605536274392
230 1.24 0.124531305208817
231 0.741935483870968 0.0741654925916572
232 1.03225806451613 0.089968584334683
233 1.38214285714286 0.12662212786597
234 1.63870967741935 0.11673676106512
235 1.19642857142857 0.131583974721955
236 1.0258064516129 0.0988066148514233
237 1.30666666666667 0.143913554299486
238 1.5741935483871 0.173575166819009
239 1.2 0.177012240631357
240 1.52333333333333 0.131890178395088
241 0.8875 0.108733236255832
242 1.264 0.125150575974171
243 1.53225806451613 0.155845739609024
244 1.71612903225806 0.123923040130276
245 1.62413793103448 0.192190841398806
246 1.55161290322581 0.0971498086862942
247 1.64 0.124715768804533
248 0.94 0.248193472919817
